RS_number	rs1050979	rs9405661	rs12203596	rs4320356	rs114631266	rs2471863	rs34941730	rs2523989	rs45626136	rs886424	rs116020851	rs1265057	rs116763857	rs9264758	rs2251396	rs9501130	rs3093664	rs2857595	rs1270942	rs3134938	rs926592	rs1980493	rs3135365	rs9268576	rs9268645	rs9268853	rs138748427	rs7760731	rs9272346	rs9273363	rs9273367	rs9273368	rs1770	rs9275358	rs2647044	rs35122968	rs3997848	rs1015166	rs241427	rs4148870	rs3128930	rs78824139	rs17711850	rs3757247	rs11755527	rs72928038	rs9388489	rs1578060	rs1538171	rs12665429	rs212408	rs9356171	rs73043122	rs924043
rs1050979	1	0.71	0.032	0.073	0.326	0.071	0.368	0.011	0.326	0.341	0.326	0.06	0.191	0.142	0.246	0.022	0.472	0.163	0.418	0.11	0.045	0.048	0.198	0.711	0.185	0.108	0.013	0.067	0.064	0.133	0.154	0.154	0.065	0.242	0.191	0.185	0.011	0.242	0.026	0.015	0.004	1	0.126	0.011	0.023	0.036	0.047	0.047	0.058	0.019	0.041	0.046	0.505	0.087
rs9405661	0.71	1	0.026	0.045	0.26	0.041	0.09	0.075	0.26	0.09	0.26	0.125	0.112	0.126	0.177	0.141	0.421	0.02	0.144	0.057	0.075	0.096	0.164	0.049	0.139	0.184	0.049	0.089	0.041	0.207	0.233	0.233	0.14	0.237	0.09	0.144	0.125	0.09	0.01	0.007	0.044	1	0.034	0.102	0.086	0.207	0.011	0.011	0.003	0.086	0.043	0.045	0.545	0.002
rs12203596	0.032	0.026	1	0.156	1	0.003	0.039	0.044	0.146	0.003	0.573	0.099	1	0.146	0.085	0.008	0.002	0.113	0.132	0.103	0.18	0.089	0.099	0.063	0.197	0.246	0.146	0.033	0.074	0.039	0.021	0.021	0.167	0.119	0.106	0.095	0.063	0.017	0.041	0.057	0.067	0.18	0.051	0.032	0.022	0.08	0.068	0.068	0.058	0.156	0.244	0.035	0.359	0.008
rs4320356	0.073	0.045	0.156	1	1	0.117	0.337	0.485	0.411	0.706	0.706	0.104	1	0.036	0.117	0.145	0.078	0.252	0.688	0.078	0.215	0.28	0.066	0.243	0.14	0.051	0.036	0.23	0.159	0.053	0.036	0.036	0.164	0.064	0.438	0.065	0.025	0.087	0.043	0.117	0.103	1	0.019	0.068	0.078	0.055	0.056	0.056	0.04	0.013	0.055	0.009	0.424	0.031
rs114631266	0.326	0.26	1	1	1	0.438	1	1	1	1	1	1	0.657	1	1	0.598	1	1	1	0.146	1	1	0.163	1	0.095	0.108	0.278	1	0.18	0.037	0.045	0.045	0.405	0.596	1	1	1	0.503	0.067	0.428	0.481	1	1	1	1	0.152	0.387	0.387	0.381	0.108	0.222	0.348	1	0.196
rs2471863	0.071	0.041	0.003	0.117	0.438	1	0.368	0.385	0.719	0.727	0.719	0.203	1	0.031	0.238	0.207	0.048	0.149	0.711	0.078	0.522	0.545	0.003	0.649	0.145	0.083	0.122	0.306	0.136	0.209	0.195	0.195	0.047	0.21	0.665	0.207	0.319	0.262	0.054	0.095	0.092	1	0.059	0.097	0.113	0.093	0.17	0.17	0.18	0.168	0.125	0.022	0.385	0.13
rs34941730	0.368	0.09	0.039	0.337	1	0.368	1	1	0.452	1	0.635	0.283	0.561	0.389	0.458	0.096	0.505	0.562	1	0.147	0.684	0.579	0.137	1	0.011	0.331	0.071	0.417	0.052	0.594	0.586	0.586	0.147	0.09	1	1	0.037	0.242	0.3	0.034	0.222	0.452	0.437	0.594	0.599	0.205	0.041	0.041	0.052	0.331	0.125	0.266	1	0.096
rs2523989	0.011	0.075	0.044	0.485	1	0.385	1	1	0.368	0.872	1	0.727	1	0.54	0.675	1	0.67	0.562	0.864	0.431	0.584	0.609	1	0.013	0.321	0.554	0.368	0.629	0.283	0.519	0.463	0.463	0.405	0.526	0.581	0.051	0.417	0.441	0.65	0.356	0.093	1	0.157	0.304	0.296	0.222	0.004	0.004	0.071	0.268	0.271	0.266	1	0.755
rs45626136	0.326	0.26	0.146	0.411	1	0.719	0.452	0.368	1	1	0.643	0.317	0.572	0.695	0.025	0.096	0.341	0.028	1	0.039	1	0.438	0.163	1	0.321	0.554	0.278	0.611	0.298	0.458	0.448	0.448	0.052	0.292	1	1	0.708	0.005	0.3	0.285	0.481	1	0.099	0.097	0.108	0.045	0.387	0.387	0.381	0.331	0.271	0.185	1	0.022
rs886424	0.341	0.09	0.003	0.706	1	0.727	1	0.872	1	1	1	1	1	1	0.928	1	1	0.87	0.935	0.747	0.861	0.935	1	1	1	1	0.639	0.929	0.453	0.759	0.682	0.682	0.703	1	0.81	0.405	0.806	0.751	0.844	0.618	0.222	1	0.126	0.175	0.166	0.222	0.081	0.081	0.175	0.468	0.028	0.022	1	0.674
rs116020851	0.326	0.26	0.573	0.706	1	0.719	0.635	1	0.643	1	1	0.453	0.586	0.593	1	0.799	0.237	1	1	0.359	1	1	0.18	1	0.209	0.554	0.639	0.152	0.18	0.458	0.448	0.448	0.108	0.393	1	1	0.067	0.254	0.533	0.714	0.222	1	0.099	0.071	0.062	0.222	0.081	0.081	0.071	0.108	0.125	0.348	0.224	0.022
rs1265057	0.06	0.125	0.099	0.104	1	0.203	0.283	0.727	0.317	1	0.453	1	0.344	0.146	0.336	0.418	0.666	0.622	0.904	0.139	0.317	0.575	0.723	0.063	0.12	0.359	0.146	0.369	0.027	0.18	0.165	0.165	0.045	0.078	0.702	0.397	0.31	0.481	0.487	0.202	0.092	0.18	0.01	0.032	0.022	0.146	0.016	0.016	0.032	0.204	0.014	0.035	0.359	0.008
rs116763857	0.191	0.112	1	1	0.657	1	0.561	1	0.572	1	0.586	0.344	1	1	1	1	1	1	1	0.09	1	1	1	1	0.457	0.465	0.133	1	0.508	0.35	0.338	0.338	1	1	1	1	1	0.403	1	1	0.378	1	0.279	0.133	0.144	0.236	0.123	0.123	0.133	0.042	0.3	0.609	1	0.277
rs9264758	0.142	0.126	0.146	0.036	1	0.031	0.389	0.54	0.695	1	0.593	0.146	1	1	0.475	0.11	0.52	0.788	1	0.173	1	0.591	0.353	0.212	0.506	0.676	0.475	0.434	0.489	0.606	0.599	0.599	0.448	0.046	1	0.676	0.47	0.54	0.246	0.129	0.057	1	0.126	0.212	0.221	0.293	0.109	0.109	0.1	0.189	0.098	0.051	0.084	0.054
rs2251396	0.246	0.177	0.085	0.117	1	0.238	0.458	0.675	0.025	0.928	1	0.336	1	0.475	1	1	0.623	0.75	0.924	0.567	0.386	0.567	0.883	0.071	0.096	0.235	0.027	0.4	0.18	0.278	0.249	0.249	0.108	0.323	0.645	0.312	0.067	0.148	0.333	0.387	0.067	1	0.091	0.16	0.196	0.222	0.112	0.112	0.071	0.05	0.292	0.075	1	0.022
rs9501130	0.022	0.141	0.008	0.145	0.598	0.207	0.096	1	0.096	1	0.799	0.418	1	0.11	1	1	0.234	0.774	1	0.132	0.511	0.783	1	0.311	0.183	0.223	0.041	0.398	0.022	0.161	0.146	0.146	0.046	0.217	0.466	0.007	0.435	0.326	0.277	0.28	0.097	1	0.012	0.091	0.102	0.097	0.01	0.01	0.022	0.073	0.172	0.495	0.096	0.028
rs3093664	0.472	0.421	0.002	0.078	1	0.048	0.505	0.67	0.341	1	0.237	0.666	1	0.52	0.623	0.234	1	1	1	0.22	0.241	0.132	0.358	0.019	0.409	0.306	0.193	0.004	0.465	0.246	0.252	0.252	0.379	0.505	0.281	1	0.239	0.604	0.026	0.063	0.27	0.428	0.316	0.112	0.103	0.188	0.44	0.44	0.435	0.098	0.29	0.064	0.142	0.745
rs2857595	0.163	0.02	0.113	0.252	1	0.149	0.562	0.562	0.028	0.87	1	0.622	1	0.788	0.75	0.774	1	1	0.931	0.65	0.616	0.548	1	1	0.373	0.588	0.167	0.608	0.338	0.5	0.449	0.449	0.451	0.562	0.629	0.176	0.192	0.369	0.246	0.538	0.282	1	0.03	0.071	0.062	0.103	0.072	0.072	0.083	0.14	0.327	0.213	1	0.097
rs1270942	0.418	0.144	0.132	0.688	1	0.711	1	0.864	1	0.935	1	0.904	1	1	0.924	1	1	0.931	1	1	1	1	1	1	1	1	0.618	1	0.566	0.915	0.831	0.831	0.895	1	0.933	1	1	0.824	0.835	0.697	0.359	1	0.075	0.126	0.117	0.176	0.135	0.135	0.126	0.343	0.074	0.079	1	0.309
rs3134938	0.11	0.057	0.103	0.078	0.146	0.078	0.147	0.431	0.039	0.747	0.359	0.139	0.09	0.173	0.567	0.132	0.22	0.65	1	1	1	0.157	0.169	1	0.457	0.002	0.133	0.067	0.073	0.838	0.835	0.835	0.147	0.858	0.793	0.465	0.3	0.03	0.02	0.521	0.028	1	0.099	0.025	0.036	0.014	0.013	0.013	0.025	0.202	0.125	0.022	0.359	0.008
rs926592	0.045	0.075	0.18	0.215	1	0.522	0.684	0.584	1	0.861	1	0.317	1	1	0.386	0.511	0.241	0.616	1	1	1	0.677	1	0.466	0.547	0.331	0.398	0.47	0.248	0.639	0.602	0.602	0.603	1	0.887	1	0.611	0.296	0.378	0.428	0.179	0.377	0.049	0.097	0.108	0.045	0.234	0.234	0.226	0.202	0.076	0.034	1	0.185
rs1980493	0.048	0.096	0.089	0.28	1	0.545	0.579	0.609	0.438	0.935	1	0.575	1	0.591	0.567	0.783	0.132	0.548	1	0.157	0.677	1	1	1	1	1	0.599	0.67	0.001	0.572	0.522	0.522	0.471	1	0.84	1	1	0.558	0.274	0.428	0.193	1	0.085	0.175	0.166	0.309	0.319	0.319	0.312	0.29	0.049	0.13	0.119	0.348
rs3135365	0.198	0.164	0.099	0.066	0.163	0.003	0.137	1	0.163	1	0.18	0.723	1	0.353	0.883	1	0.358	1	1	0.169	1	1	1	1	1	0.06	0.473	1	0.408	1	1	1	0.201	1	1	1	0.13	0.918	0.495	0.741	0.092	1	0.026	0.239	0.248	0.037	0.052	0.052	0.063	0.008	0.054	0.116	0.059	0.028
rs9268576	0.711	0.049	0.063	0.243	1	0.649	1	0.013	1	1	1	0.063	1	0.212	0.071	0.311	0.019	1	1	1	0.466	1	1	1	1	1	0.381	0.455	0.519	0.071	0.055	0.055	0.35	1	0.188	1	1	0.567	0.111	0.755	0.333	1	0.485	0.381	0.388	0.273	0.687	0.687	0.69	0.235	0.333	0.124	1	1
rs9268645	0.185	0.139	0.197	0.14	0.095	0.145	0.011	0.321	0.321	1	0.209	0.12	0.457	0.506	0.096	0.183	0.409	0.373	1	0.457	0.547	1	1	1	1	0.476	0.473	0.026	0.596	0.209	0.223	0.223	0.068	0.604	0.63	0.628	0.239	0.23	0.039	0.231	0.122	0.209	0.128	0.085	0.104	0.164	0.116	0.116	0.127	0.321	0.086	0.176	0.321	0.036
rs9268853	0.108	0.184	0.246	0.051	0.108	0.083	0.331	0.554	0.554	1	0.554	0.359	0.465	0.676	0.235	0.223	0.306	0.588	1	0.002	0.331	1	0.06	1	0.476	1	0.618	0.863	0.964	0.401	0.419	0.419	0.58	0.651	1	0.624	0.294	0.465	0.018	0.049	0.135	0.202	0.046	0.14	0.118	0.058	0	0	0.012	0.095	0.125	0.158	1	0.022
rs138748427	0.013	0.049	0.146	0.036	0.278	0.122	0.071	0.368	0.278	0.639	0.639	0.146	0.133	0.475	0.027	0.041	0.193	0.167	0.618	0.133	0.398	0.599	0.473	0.381	0.473	0.618	1	0.444	0.444	0.171	0.19	0.19	0.211	0.362	0.606	0.454	0.25	0.242	0.114	0.071	0.067	0.071	0.014	0.071	0.057	0.095	0.112	0.112	0.123	0.14	0.048	0.026	1	0.041
rs7760731	0.067	0.089	0.033	0.23	1	0.306	0.417	0.629	0.611	0.929	0.152	0.369	1	0.434	0.4	0.398	0.004	0.608	1	0.067	0.47	0.67	1	0.455	0.026	0.863	0.444	1	0.622	0.407	0.375	0.375	0.268	1	1	0.027	0.013	0.273	0.497	0.472	0.123	0.364	0.193	0.19	0.182	0.521	0.152	0.152	0.19	0.018	0.103	0.097	0.045	0.548
rs9272346	0.064	0.041	0.074	0.159	0.18	0.136	0.052	0.283	0.298	0.453	0.18	0.027	0.508	0.489	0.18	0.022	0.465	0.338	0.566	0.073	0.248	0.001	0.408	0.519	0.596	0.964	0.444	0.622	1	0.824	0.821	0.821	0.846	0.923	0.553	1	0.574	0.016	0.248	0.288	0.168	1	0.026	0.005	0.016	0.049	0.141	0.141	0.151	0.058	0.086	0.074	0.579	0.048
rs9273363	0.133	0.207	0.039	0.053	0.037	0.209	0.594	0.519	0.458	0.759	0.458	0.18	0.35	0.606	0.278	0.161	0.246	0.5	0.915	0.838	0.639	0.572	1	0.071	0.209	0.401	0.171	0.407	0.824	1	1	1	1	0.684	0.934	1	0.938	0.174	0.3	0.417	0.083	0.278	0.037	0.038	0.028	0.167	0.114	0.114	0.105	0.002	0.042	0.014	1	0.161
rs9273367	0.154	0.233	0.021	0.036	0.045	0.195	0.586	0.463	0.448	0.682	0.448	0.165	0.338	0.599	0.249	0.146	0.252	0.449	0.831	0.835	0.602	0.522	1	0.055	0.223	0.419	0.19	0.375	0.821	1	1	1	1	0.687	0.87	1	0.936	0.159	0.287	0.407	0.067	0.283	0.02	0.055	0.045	0.152	0.131	0.131	0.122	0.013	0.024	0.033	1	0.146
rs9273368	0.154	0.233	0.021	0.036	0.045	0.195	0.586	0.463	0.448	0.682	0.448	0.165	0.338	0.599	0.249	0.146	0.252	0.449	0.831	0.835	0.602	0.522	1	0.055	0.223	0.419	0.19	0.375	0.821	1	1	1	1	0.687	0.87	1	0.936	0.159	0.287	0.407	0.067	0.283	0.02	0.055	0.045	0.152	0.131	0.131	0.122	0.013	0.024	0.033	1	0.146
rs1770	0.065	0.14	0.167	0.164	0.405	0.047	0.147	0.405	0.052	0.703	0.108	0.045	1	0.448	0.108	0.046	0.379	0.451	0.895	0.147	0.603	0.471	0.201	0.35	0.068	0.58	0.211	0.268	0.846	1	1	1	1	1	0.919	1	0.212	0.138	0.195	0.202	0.231	0.108	0.017	0.025	0.015	0.008	0.035	0.035	0.025	0.029	0.016	0.029	1	0.046
rs9275358	0.242	0.237	0.119	0.064	0.596	0.21	0.09	0.526	0.292	1	0.393	0.078	1	0.046	0.323	0.217	0.505	0.562	1	0.858	1	1	1	1	0.604	0.651	0.362	1	0.923	0.684	0.687	0.687	1	1	1	1	1	0.114	0.3	0.195	0.222	1	0.157	0.246	0.238	0.125	0.109	0.109	0.12	0.164	0.07	0.041	1	0.1
rs2647044	0.191	0.09	0.106	0.438	1	0.665	1	0.581	1	0.81	1	0.702	1	1	0.645	0.466	0.281	0.629	0.933	0.793	0.887	0.84	1	0.188	0.63	1	0.606	1	0.553	0.934	0.87	0.87	0.919	1	1	1	1	0.729	0.745	0.766	0.364	1	0.183	0.071	0.062	0.576	0.248	0.248	0.24	0.202	0.045	0.022	1	0.466
rs35122968	0.185	0.144	0.095	0.065	1	0.207	1	0.051	1	0.405	1	0.397	1	0.676	0.312	0.007	1	0.176	1	0.465	1	1	1	1	0.628	0.624	0.454	0.027	1	1	1	1	1	1	1	1	0.753	0.465	0.341	0.091	0.506	1	0.075	0.108	0.007	0.176	0.027	0.027	0.126	0.061	0.382	0.079	1	0.309
rs3997848	0.011	0.125	0.063	0.025	1	0.319	0.037	0.417	0.708	0.806	0.067	0.31	1	0.47	0.067	0.435	0.239	0.192	1	0.3	0.611	1	0.13	1	0.239	0.294	0.25	0.013	0.574	0.938	0.936	0.936	0.212	1	1	0.753	1	0.533	0.013	0.033	0.192	1	0.064	0.083	0.053	0.031	0.157	0.157	0.125	0.074	0.159	0.253	0.125	0.052
rs1015166	0.242	0.09	0.017	0.087	0.503	0.262	0.242	0.441	0.005	0.751	0.254	0.481	0.403	0.54	0.148	0.326	0.604	0.369	0.824	0.03	0.296	0.558	0.918	0.567	0.23	0.465	0.242	0.273	0.016	0.174	0.159	0.159	0.138	0.114	0.729	0.465	0.533	1	0.767	0.084	0.196	0.254	0.176	0.164	0.156	0.3	0.142	0.142	0.133	0.095	0.106	0.087	0.254	0.086
rs241427	0.026	0.01	0.041	0.043	0.067	0.054	0.3	0.65	0.3	0.844	0.533	0.487	1	0.246	0.333	0.277	0.026	0.246	0.835	0.02	0.378	0.274	0.495	0.111	0.039	0.018	0.114	0.497	0.248	0.3	0.287	0.287	0.195	0.3	0.745	0.341	0.013	0.767	1	0.521	0.182	1	0.057	0.067	0.078	0.067	0.022	0.022	0.033	0.053	0.004	0.088	1	0.047
rs4148870	0.015	0.007	0.057	0.117	0.428	0.095	0.034	0.356	0.285	0.618	0.714	0.202	1	0.129	0.387	0.28	0.063	0.538	0.697	0.521	0.428	0.428	0.741	0.755	0.231	0.049	0.071	0.472	0.288	0.417	0.407	0.407	0.202	0.195	0.766	0.091	0.033	0.084	0.521	1	0.049	0.142	0.123	0.145	0.127	0.208	0.008	0.008	0.002	0.041	0.018	0.022	0.142	0.073
rs3128930	0.004	0.044	0.067	0.103	0.481	0.092	0.222	0.093	0.481	0.222	0.222	0.092	0.378	0.057	0.067	0.097	0.27	0.282	0.359	0.028	0.179	0.193	0.092	0.333	0.122	0.135	0.067	0.123	0.168	0.083	0.067	0.067	0.231	0.222	0.364	0.506	0.192	0.196	0.182	0.049	1	1	0.03	0.086	0.076	0.003	0.123	0.123	0.133	0.012	0.004	0.037	0.3	0.147
rs78824139	1	1	0.18	1	1	1	0.452	1	1	1	1	0.18	1	1	1	1	0.428	1	1	1	0.377	1	1	1	0.209	0.202	0.071	0.364	1	0.278	0.283	0.283	0.108	1	1	1	1	0.254	1	0.142	1	1	0.099	0.071	0.062	0.364	0.081	0.081	0.071	1	1	0.022	1	1
rs17711850	0.126	0.034	0.051	0.019	1	0.059	0.437	0.157	0.099	0.126	0.099	0.01	0.279	0.126	0.091	0.012	0.316	0.03	0.075	0.099	0.049	0.085	0.026	0.485	0.128	0.046	0.014	0.193	0.026	0.037	0.02	0.02	0.017	0.157	0.183	0.075	0.064	0.176	0.057	0.123	0.03	0.099	1	0.893	0.894	1	0.047	0.047	0.037	0.099	0.053	0.009	0.099	0.203
rs3757247	0.011	0.102	0.032	0.068	1	0.097	0.594	0.304	0.097	0.175	0.071	0.032	0.133	0.212	0.16	0.091	0.112	0.071	0.126	0.025	0.097	0.175	0.239	0.381	0.085	0.14	0.071	0.19	0.005	0.038	0.055	0.055	0.025	0.246	0.071	0.108	0.083	0.164	0.067	0.145	0.086	0.071	0.893	1	1	1	0.008	0.008	0.005	0.076	0.139	0.045	0.458	0.161
rs11755527	0.023	0.086	0.022	0.078	1	0.113	0.599	0.296	0.108	0.166	0.062	0.022	0.144	0.221	0.196	0.102	0.103	0.062	0.117	0.036	0.108	0.166	0.248	0.388	0.104	0.118	0.057	0.182	0.016	0.028	0.045	0.045	0.015	0.238	0.062	0.007	0.053	0.156	0.078	0.127	0.076	0.062	0.894	1	1	1	0.02	0.02	0.006	0.087	0.122	0.033	0.465	0.153
rs72928038	0.036	0.207	0.08	0.055	0.152	0.093	0.205	0.222	0.045	0.222	0.222	0.146	0.236	0.293	0.222	0.097	0.188	0.103	0.176	0.014	0.045	0.309	0.037	0.273	0.164	0.058	0.095	0.521	0.049	0.167	0.152	0.152	0.008	0.125	0.576	0.176	0.031	0.3	0.067	0.208	0.003	0.364	1	1	1	1	0.01	0.01	0	0.099	0.058	0.197	0.045	0.398
rs9388489	0.047	0.011	0.068	0.056	0.387	0.17	0.041	0.004	0.387	0.081	0.081	0.016	0.123	0.109	0.112	0.01	0.44	0.072	0.135	0.013	0.234	0.319	0.052	0.687	0.116	0	0.112	0.152	0.141	0.114	0.131	0.131	0.035	0.109	0.248	0.027	0.157	0.142	0.022	0.008	0.123	0.081	0.047	0.008	0.02	0.01	1	1	1	0	0.157	0.01	0.081	0.01
rs1578060	0.047	0.011	0.068	0.056	0.387	0.17	0.041	0.004	0.387	0.081	0.081	0.016	0.123	0.109	0.112	0.01	0.44	0.072	0.135	0.013	0.234	0.319	0.052	0.687	0.116	0	0.112	0.152	0.141	0.114	0.131	0.131	0.035	0.109	0.248	0.027	0.157	0.142	0.022	0.008	0.123	0.081	0.047	0.008	0.02	0.01	1	1	1	0	0.157	0.01	0.081	0.01
rs1538171	0.058	0.003	0.058	0.04	0.381	0.18	0.052	0.071	0.381	0.175	0.071	0.032	0.133	0.1	0.071	0.022	0.435	0.083	0.126	0.025	0.226	0.312	0.063	0.69	0.127	0.012	0.123	0.19	0.151	0.105	0.122	0.122	0.025	0.12	0.24	0.126	0.125	0.133	0.033	0.002	0.133	0.071	0.037	0.005	0.006	0	1	1	1	0.017	0.167	0.022	0.071	0.022
rs12665429	0.019	0.086	0.156	0.013	0.108	0.168	0.331	0.268	0.331	0.468	0.108	0.204	0.042	0.189	0.05	0.073	0.098	0.14	0.343	0.202	0.202	0.29	0.008	0.235	0.321	0.095	0.14	0.018	0.058	0.002	0.013	0.013	0.029	0.164	0.202	0.061	0.074	0.095	0.053	0.041	0.012	1	0.099	0.076	0.087	0.099	0	0	0.017	1	0.125	0.108	0.331	0.137
rs212408	0.041	0.043	0.244	0.055	0.222	0.125	0.125	0.271	0.271	0.028	0.125	0.014	0.3	0.098	0.292	0.172	0.29	0.327	0.074	0.125	0.076	0.049	0.054	0.333	0.086	0.125	0.048	0.103	0.086	0.042	0.024	0.024	0.016	0.07	0.045	0.382	0.159	0.106	0.004	0.018	0.004	1	0.053	0.139	0.122	0.058	0.157	0.157	0.167	0.125	1	0.056	0.417	0.04
rs9356171	0.046	0.045	0.035	0.009	0.348	0.022	0.266	0.266	0.185	0.022	0.348	0.035	0.609	0.051	0.075	0.495	0.064	0.213	0.079	0.022	0.034	0.13	0.116	0.124	0.176	0.158	0.026	0.097	0.074	0.014	0.033	0.033	0.029	0.041	0.022	0.079	0.253	0.087	0.088	0.022	0.037	0.022	0.009	0.045	0.033	0.197	0.01	0.01	0.022	0.108	0.056	1	0.022	0.142
rs73043122	0.505	0.545	0.359	0.424	1	0.385	1	1	1	1	0.224	0.359	1	0.084	1	0.096	0.142	1	1	0.359	1	0.119	0.059	1	0.321	1	1	0.045	0.579	1	1	1	1	1	1	1	0.125	0.254	1	0.142	0.3	1	0.099	0.458	0.465	0.045	0.081	0.081	0.071	0.331	0.417	0.022	1	1
rs924043	0.087	0.002	0.008	0.031	0.196	0.13	0.096	0.755	0.022	0.674	0.022	0.008	0.277	0.054	0.022	0.028	0.745	0.097	0.309	0.008	0.185	0.348	0.028	1	0.036	0.022	0.041	0.548	0.048	0.161	0.146	0.146	0.046	0.1	0.466	0.309	0.052	0.086	0.047	0.073	0.147	1	0.203	0.161	0.153	0.398	0.01	0.01	0.022	0.137	0.04	0.142	1	1
