RS_number	rs1050979	rs9405661	rs12203596	rs4320356	rs114631266	rs2471863	rs34941730	rs2523989	rs45626136	rs886424	rs116020851	rs1265057	rs116763857	rs9264758	rs2251396	rs9501130	rs3093664	rs2857595	rs1270942	rs3134938	rs926592	rs1980493	rs3135365	rs9268576	rs9268645	rs9268853	rs138748427	rs7760731	rs9272346	rs9273363	rs9273367	rs9273368	rs1770	rs9275358	rs2647044	rs35122968	rs3997848	rs1015166	rs241427	rs4148870	rs3128930	rs78824139	rs17711850	rs3757247	rs11755527	rs72928038	rs9388489	rs1578060	rs1538171	rs12665429	rs212408	rs9356171	rs73043122	rs924043
rs1050979	NA	NA	NA	NA	NA	NA	NA	NA	NA	NA	NA	NA	NA	NA	NA	NA	NA	NA	NA	NA	NA	NA	NA	NA	NA	NA	NA	NA	NA	NA	NA	NA	NA	NA	NA	NA	NA	NA	NA	NA	NA	NA	NA	NA	NA	NA	NA	NA	NA	NA	NA	NA	NA	NA
rs9405661	NA	NA	NA	NA	NA	NA	NA	NA	NA	NA	NA	NA	NA	NA	NA	NA	NA	NA	NA	NA	NA	NA	NA	NA	NA	NA	NA	NA	NA	NA	NA	NA	NA	NA	NA	NA	NA	NA	NA	NA	NA	NA	NA	NA	NA	NA	NA	NA	NA	NA	NA	NA	NA	NA
rs12203596	NA	NA	1.0	0.046	NA	0.017	0.255	0.069	NA	1.0	NA	0.197	NA	0.077	0.069	0.083	0.562	0.077	0.146	0.255	0.028	0.343	0.044	0.284	0.235	0.379	0.069	0.106	0.059	0.608	0.608	0.608	0.094	0.124	0.534	1.0	0.147	0.024	0.468	0.017	0.01	NA	1.0	0.236	0.236	NA	0.379	0.216	0.379	0.069	0.096	0.053	0.316	0.132
rs4320356	NA	NA	0.046	1.0	NA	0.393	0.196	1.0	NA	0.001	NA	0.163	NA	0.064	0.152	0.035	0.119	0.013	0.686	0.498	0.054	0.409	0.075	0.034	0.243	0.498	0.442	0.196	0.172	0.471	0.471	0.471	0.118	0.114	0.372	1.0	0.041	0.019	0.037	0.093	0.037	NA	0.372	0.614	0.614	NA	0.163	0.207	0.163	0.142	0.317	0.104	1.0	0.334
rs114631266	NA	NA	NA	NA	NA	NA	NA	NA	NA	NA	NA	NA	NA	NA	NA	NA	NA	NA	NA	NA	NA	NA	NA	NA	NA	NA	NA	NA	NA	NA	NA	NA	NA	NA	NA	NA	NA	NA	NA	NA	NA	NA	NA	NA	NA	NA	NA	NA	NA	NA	NA	NA	NA	NA
rs2471863	NA	NA	0.017	0.393	NA	1.0	0.101	0.11	NA	0.525	NA	0.063	NA	0.347	0.013	0.014	0.39	0.065	0.352	0.525	0.239	0.302	0.055	0.07	0.053	0.051	0.077	0.051	0.013	0.126	0.126	0.126	0.038	0.302	0.258	0.136	0.218	0.136	0.013	0.064	0.148	NA	0.407	0.025	0.025	NA	0.077	0.375	0.011	0.19	0.009	0.075	1.0	0.028
rs34941730	NA	NA	0.255	0.196	NA	0.101	1.0	0.152	NA	1.0	NA	0.394	NA	0.264	0.074	0.202	0.069	0.389	0.223	1.0	0.114	0.069	0.595	0.003	0.094	0.071	0.136	0.539	0.145	0.545	0.545	0.545	0.416	1.0	0.46	1.0	0.593	0.031	0.045	0.28	0.053	NA	0.01	0.024	0.024	NA	0.04	0.091	0.04	0.19	0.329	0.121	1.0	0.091
rs2523989	NA	NA	0.069	1.0	NA	0.11	0.152	1.0	NA	1.0	NA	0.053	NA	0.08	0.156	0.585	1.0	0.182	1.0	0.083	0.022	1.0	0.156	1.0	0.26	0.274	0.25	1.0	0.568	1.0	1.0	1.0	0.239	1.0	1.0	1.0	0.382	0.198	0.229	0.25	0.26	NA	1.0	0.085	0.085	NA	1.0	1.0	1.0	1.0	0.044	1.0	1.0	0.349
rs45626136	NA	NA	NA	NA	NA	NA	NA	NA	NA	NA	NA	NA	NA	NA	NA	NA	NA	NA	NA	NA	NA	NA	NA	NA	NA	NA	NA	NA	NA	NA	NA	NA	NA	NA	NA	NA	NA	NA	NA	NA	NA	NA	NA	NA	NA	NA	NA	NA	NA	NA	NA	NA	NA	NA
rs886424	NA	NA	1.0	0.001	NA	0.525	1.0	1.0	NA	1.0	NA	0.242	NA	0.018	0.73	1.0	1.0	0.564	0.136	1.0	0.446	1.0	0.325	1.0	0.408	0.303	0.04	0.424	0.051	1.0	1.0	1.0	0.416	1.0	1.0	1.0	0.011	1.0	0.284	0.1	0.396	NA	1.0	0.024	0.024	NA	0.04	1.0	0.04	1.0	0.235	0.175	1.0	0.35
rs116020851	NA	NA	NA	NA	NA	NA	NA	NA	NA	NA	NA	NA	NA	NA	NA	NA	NA	NA	NA	NA	NA	NA	NA	NA	NA	NA	NA	NA	NA	NA	NA	NA	NA	NA	NA	NA	NA	NA	NA	NA	NA	NA	NA	NA	NA	NA	NA	NA	NA	NA	NA	NA	NA	NA
rs1265057	NA	NA	0.197	0.163	NA	0.063	0.394	0.053	NA	0.242	NA	1.0	NA	0.206	0.053	0.381	0.003	0.23	0.206	0.053	0.223	0.128	0.239	0.344	0.195	0.368	0.368	0.04	0.126	0.202	0.202	0.202	0.053	0.128	0.289	1.0	0.153	0.395	0.274	0.211	0.043	NA	0.053	0.028	0.028	NA	0.053	0.003	0.105	0.404	0.007	0.067	0.053	0.107
rs116763857	NA	NA	NA	NA	NA	NA	NA	NA	NA	NA	NA	NA	NA	NA	NA	NA	NA	NA	NA	NA	NA	NA	NA	NA	NA	NA	NA	NA	NA	NA	NA	NA	NA	NA	NA	NA	NA	NA	NA	NA	NA	NA	NA	NA	NA	NA	NA	NA	NA	NA	NA	NA	NA	NA
rs9264758	NA	NA	0.077	0.064	NA	0.347	0.264	0.08	NA	0.018	NA	0.206	NA	1.0	0.561	1.0	0.682	0.215	0.156	0.46	0.377	0.682	0.409	0.103	0.396	0.018	0.1	0.234	0.136	0.031	0.031	0.031	0.354	0.206	0.08	1.0	0.093	1.0	0.383	0.025	0.26	NA	0.325	0.056	0.056	NA	0.011	0.147	0.011	0.08	0.161	0.359	1.0	0.219
rs2251396	NA	NA	0.069	0.152	NA	0.013	0.074	0.156	NA	0.73	NA	0.053	NA	0.561	1.0	1.0	0.773	0.011	0.759	0.614	0.06	0.773	0.337	0.065	0.218	0.229	0.025	0.234	0.167	0.005	0.005	0.005	0.158	0.126	0.072	1.0	0.234	0.173	0.669	0.009	0.049	NA	0.036	0.065	0.065	NA	0.036	0.188	0.036	0.072	0.113	0.085	1.0	0.303
rs9501130	NA	NA	0.083	0.035	NA	0.014	0.202	0.585	NA	1.0	NA	0.381	NA	1.0	1.0	1.0	0.579	0.262	0.377	1.0	0.063	0.411	0.106	0.233	0.408	0.557	0.538	0.025	0.343	0.021	0.021	0.021	0.416	0.414	0.017	1.0	0.062	0.051	0.387	0.215	0.07	NA	1.0	0.404	0.404	NA	0.046	0.247	0.007	0.065	0.064	0.006	1.0	0.126
rs3093664	NA	NA	0.562	0.119	NA	0.39	0.069	1.0	NA	1.0	NA	0.003	NA	0.682	0.773	0.579	1.0	1.0	0.05	1.0	0.348	0.253	0.331	1.0	0.304	0.576	0.082	0.492	0.721	1.0	1.0	1.0	0.657	0.023	1.0	1.0	0.103	1.0	0.509	0.824	0.378	NA	1.0	0.348	0.348	NA	0.294	1.0	0.294	0.033	0.136	0.139	1.0	0.235
rs2857595	NA	NA	0.077	0.013	NA	0.065	0.389	0.182	NA	0.564	NA	0.23	NA	0.215	0.011	0.262	1.0	1.0	0.455	0.262	0.105	0.566	0.163	0.077	0.064	0.077	0.091	0.163	0.128	0.028	0.028	0.028	0.227	0.131	0.045	1.0	0.088	0.065	0.051	0.051	0.193	NA	0.077	0.148	0.148	NA	0.026	0.223	0.03	0.192	0.054	0.039	1.0	0.133
rs1270942	NA	NA	0.146	0.686	NA	0.352	0.223	1.0	NA	0.136	NA	0.206	NA	0.156	0.759	0.377	0.05	0.455	1.0	0.028	1.0	1.0	0.378	1.0	0.056	0.202	0.025	0.82	0.258	0.289	0.289	0.289	0.049	0.206	1.0	1.0	0.682	1.0	0.229	0.25	0.056	NA	0.19	0.008	0.008	NA	0.1	0.289	0.1	0.046	0.476	0.314	0.46	0.391
rs3134938	NA	NA	0.255	0.498	NA	0.525	1.0	0.083	NA	1.0	NA	0.053	NA	0.46	0.614	1.0	1.0	0.262	0.028	1.0	1.0	1.0	0.432	1.0	0.408	0.768	0.64	0.424	1.0	0.232	0.232	0.232	0.848	0.051	0.028	1.0	0.34	1.0	1.0	0.4	0.704	NA	0.214	0.268	0.268	NA	0.4	1.0	0.04	0.325	0.161	0.268	1.0	0.219
rs926592	NA	NA	0.028	0.054	NA	0.239	0.114	0.022	NA	0.446	NA	0.223	NA	0.377	0.06	0.063	0.348	0.105	1.0	1.0	1.0	0.908	0.394	0.518	0.014	0.815	0.154	0.077	0.114	0.588	0.588	0.588	0.027	0.186	0.804	1.0	0.049	0.217	0.446	0.239	0.203	NA	0.654	0.006	0.006	NA	0.043	0.011	0.0	0.308	0.044	0.061	0.217	0.084
rs1980493	NA	NA	0.343	0.409	NA	0.302	0.069	1.0	NA	1.0	NA	0.128	NA	0.682	0.773	0.411	0.253	0.566	1.0	1.0	0.908	1.0	1.0	0.511	0.652	1.0	1.0	0.492	0.492	0.033	0.033	0.033	0.313	0.023	0.206	1.0	0.851	0.07	0.274	0.824	0.478	NA	1.0	0.023	0.023	NA	0.153	0.033	0.082	0.603	0.26	0.11	1.0	0.236
rs3135365	NA	NA	0.044	0.075	NA	0.055	0.595	0.156	NA	0.325	NA	0.239	NA	0.409	0.337	0.106	0.331	0.163	0.378	0.432	0.394	1.0	1.0	1.0	0.769	0.053	0.013	0.415	0.073	1.0	1.0	1.0	0.002	1.0	1.0	1.0	0.087	0.518	0.31	0.766	0.268	NA	0.156	0.053	0.053	NA	0.053	0.028	0.053	0.067	0.074	0.085	0.289	0.086
rs9268576	NA	NA	0.284	0.034	NA	0.07	0.003	1.0	NA	1.0	NA	0.344	NA	0.103	0.065	0.233	1.0	0.077	1.0	1.0	0.518	0.511	1.0	1.0	1.0	1.0	0.308	0.823	0.535	0.761	0.761	0.761	0.356	0.756	0.929	1.0	1.0	0.407	1.0	0.596	0.545	NA	0.005	0.148	0.148	NA	0.123	0.043	0.077	0.007	0.044	0.296	0.432	0.126
rs9268645	NA	NA	0.235	0.243	NA	0.053	0.094	0.26	NA	0.408	NA	0.195	NA	0.396	0.218	0.408	0.304	0.064	0.056	0.408	0.014	0.652	0.769	1.0	1.0	0.396	0.329	0.475	0.408	0.921	0.921	0.921	0.583	0.645	0.906	1.0	0.119	0.577	0.324	0.119	0.473	NA	0.245	0.225	0.225	NA	0.119	0.066	0.077	0.075	0.052	0.002	0.245	0.043
rs9268853	NA	NA	0.379	0.498	NA	0.051	0.071	0.274	NA	0.303	NA	0.368	NA	0.018	0.229	0.557	0.576	0.077	0.202	0.768	0.815	1.0	0.053	1.0	0.396	1.0	0.6	1.0	0.597	0.242	0.242	0.242	0.696	0.576	1.0	1.0	0.34	0.005	0.383	0.1	0.507	NA	0.129	0.146	0.146	NA	0.0	0.242	0.0	0.1	0.161	0.129	1.0	0.133
rs138748427	NA	NA	0.069	0.442	NA	0.077	0.136	0.25	NA	0.04	NA	0.368	NA	0.1	0.025	0.538	0.082	0.091	0.025	0.64	0.154	1.0	0.013	0.308	0.329	0.6	1.0	0.6	0.28	0.368	0.368	0.368	0.408	0.012	0.625	1.0	0.359	0.143	0.657	0.042	0.014	NA	0.1	0.153	0.153	NA	0.167	1.0	0.167	0.062	0.01	0.288	1.0	0.277
rs7760731	NA	NA	0.106	0.196	NA	0.051	0.539	1.0	NA	0.424	NA	0.04	NA	0.234	0.234	0.025	0.492	0.163	0.82	0.424	0.077	0.492	0.415	0.823	0.475	1.0	0.6	1.0	0.217	0.758	0.758	0.758	0.193	0.549	1.0	1.0	0.077	0.383	0.177	0.0	0.25	NA	0.28	0.018	0.018	NA	0.234	0.436	0.234	0.043	0.057	0.365	0.234	0.004
rs9272346	NA	NA	0.059	0.172	NA	0.013	0.145	0.568	NA	0.051	NA	0.126	NA	0.136	0.167	0.343	0.721	0.128	0.258	1.0	0.114	0.492	0.073	0.535	0.408	0.597	0.28	0.217	1.0	0.636	0.636	0.636	0.696	0.034	0.568	1.0	0.085	0.013	0.593	0.232	0.285	NA	0.136	0.158	0.158	NA	0.04	0.001	0.088	0.11	0.055	0.075	0.136	0.063
rs9273363	NA	NA	0.608	0.471	NA	0.126	0.545	1.0	NA	1.0	NA	0.202	NA	0.031	0.005	0.021	1.0	0.028	0.289	0.232	0.588	0.033	1.0	0.761	0.921	0.242	0.368	0.758	0.636	1.0	1.0	1.0	1.0	0.331	1.0	1.0	1.0	1.0	0.675	0.684	0.533	NA	0.178	0.101	0.101	NA	0.053	0.402	0.053	0.011	0.095	0.615	0.452	0.06
rs9273367	NA	NA	0.608	0.471	NA	0.126	0.545	1.0	NA	1.0	NA	0.202	NA	0.031	0.005	0.021	1.0	0.028	0.289	0.232	0.588	0.033	1.0	0.761	0.921	0.242	0.368	0.758	0.636	1.0	1.0	1.0	1.0	0.331	1.0	1.0	1.0	1.0	0.675	0.684	0.533	NA	0.178	0.101	0.101	NA	0.053	0.402	0.053	0.011	0.095	0.615	0.452	0.06
rs9273368	NA	NA	0.608	0.471	NA	0.126	0.545	1.0	NA	1.0	NA	0.202	NA	0.031	0.005	0.021	1.0	0.028	0.289	0.232	0.588	0.033	1.0	0.761	0.921	0.242	0.368	0.758	0.636	1.0	1.0	1.0	1.0	0.331	1.0	1.0	1.0	1.0	0.675	0.684	0.533	NA	0.178	0.101	0.101	NA	0.053	0.402	0.053	0.011	0.095	0.615	0.452	0.06
rs1770	NA	NA	0.094	0.118	NA	0.038	0.416	0.239	NA	0.416	NA	0.053	NA	0.354	0.158	0.416	0.657	0.227	0.049	0.848	0.027	0.313	0.002	0.356	0.583	0.696	0.408	0.193	0.696	1.0	1.0	1.0	1.0	0.508	1.0	1.0	0.287	0.583	0.5	0.049	0.44	NA	0.049	0.259	0.259	NA	0.028	0.385	0.027	0.179	0.036	0.109	0.239	0.012
rs9275358	NA	NA	0.124	0.114	NA	0.302	1.0	1.0	NA	1.0	NA	0.128	NA	0.206	0.126	0.414	0.023	0.131	0.206	0.051	0.186	0.023	1.0	0.756	0.645	0.576	0.012	0.549	0.034	0.331	0.331	0.331	0.508	1.0	1.0	1.0	0.709	0.546	0.637	0.471	0.478	NA	0.258	0.139	0.139	NA	0.012	0.331	0.012	0.036	0.1	0.246	1.0	0.311
rs2647044	NA	NA	0.534	0.372	NA	0.258	0.46	1.0	NA	1.0	NA	0.289	NA	0.08	0.072	0.017	1.0	0.045	1.0	0.028	0.804	0.206	1.0	0.929	0.906	1.0	0.625	1.0	0.568	1.0	1.0	1.0	1.0	1.0	1.0	1.0	1.0	1.0	1.0	0.625	0.63	NA	1.0	0.008	0.008	NA	0.1	0.289	0.025	0.156	0.044	0.771	0.46	0.024
rs35122968	NA	NA	1.0	1.0	NA	0.136	1.0	1.0	NA	1.0	NA	1.0	NA	1.0	1.0	1.0	1.0	1.0	1.0	1.0	1.0	1.0	1.0	1.0	1.0	1.0	1.0	1.0	1.0	1.0	1.0	1.0	1.0	1.0	1.0	1.0	1.0	1.0	1.0	1.0	1.0	NA	1.0	1.0	1.0	NA	1.0	1.0	1.0	1.0	1.0	1.0	1.0	0.188
rs3997848	NA	NA	0.147	0.041	NA	0.218	0.593	0.382	NA	0.011	NA	0.153	NA	0.093	0.234	0.062	0.103	0.088	0.682	0.34	0.049	0.851	0.087	1.0	0.119	0.34	0.359	0.077	0.085	1.0	1.0	1.0	0.287	0.709	1.0	1.0	1.0	0.293	0.492	0.471	0.165	NA	0.365	0.281	0.281	NA	0.294	0.198	0.294	0.021	0.123	0.009	1.0	0.204
rs1015166	NA	NA	0.024	0.019	NA	0.136	0.031	0.198	NA	1.0	NA	0.395	NA	1.0	0.173	0.051	1.0	0.065	1.0	1.0	0.217	0.07	0.518	0.407	0.577	0.005	0.143	0.383	0.013	1.0	1.0	1.0	0.583	0.546	1.0	1.0	0.293	1.0	1.0	0.143	0.577	NA	1.0	0.041	0.041	NA	0.571	0.188	0.571	0.036	0.044	0.509	1.0	0.071
rs241427	NA	NA	0.468	0.037	NA	0.013	0.045	0.229	NA	0.284	NA	0.274	NA	0.383	0.669	0.387	0.509	0.051	0.229	1.0	0.446	0.274	0.31	1.0	0.324	0.383	0.657	0.177	0.593	0.675	0.675	0.675	0.5	0.637	1.0	1.0	0.492	1.0	1.0	0.743	0.223	NA	0.229	0.367	0.367	NA	0.314	0.026	0.314	0.142	0.161	0.135	1.0	0.108
rs4148870	NA	NA	0.017	0.093	NA	0.064	0.28	0.25	NA	0.1	NA	0.211	NA	0.025	0.009	0.215	0.824	0.051	0.25	0.4	0.239	0.824	0.766	0.596	0.119	0.1	0.042	0.0	0.232	0.684	0.684	0.684	0.049	0.471	0.625	1.0	0.471	0.143	0.743	1.0	0.219	NA	0.062	0.0	0.0	NA	0.125	0.211	0.125	0.25	0.155	0.008	0.25	0.053
rs3128930	NA	NA	0.01	0.037	NA	0.148	0.053	0.26	NA	0.396	NA	0.043	NA	0.26	0.049	0.07	0.378	0.193	0.056	0.704	0.203	0.478	0.268	0.545	0.473	0.507	0.014	0.25	0.285	0.533	0.533	0.533	0.44	0.478	0.63	1.0	0.165	0.577	0.223	0.219	1.0	NA	0.056	0.032	0.032	NA	0.26	0.046	0.178	0.009	0.057	0.448	1.0	0.109
rs78824139	NA	NA	NA	NA	NA	NA	NA	NA	NA	NA	NA	NA	NA	NA	NA	NA	NA	NA	NA	NA	NA	NA	NA	NA	NA	NA	NA	NA	NA	NA	NA	NA	NA	NA	NA	NA	NA	NA	NA	NA	NA	NA	NA	NA	NA	NA	NA	NA	NA	NA	NA	NA	NA	NA
rs17711850	NA	NA	1.0	0.372	NA	0.407	0.01	1.0	NA	1.0	NA	0.053	NA	0.325	0.036	1.0	1.0	0.077	0.19	0.214	0.654	1.0	0.156	0.005	0.245	0.129	0.1	0.28	0.136	0.178	0.178	0.178	0.049	0.258	1.0	1.0	0.365	1.0	0.229	0.062	0.056	NA	1.0	1.0	1.0	NA	0.25	0.041	0.25	0.156	0.283	0.542	1.0	0.188
rs3757247	NA	NA	0.236	0.614	NA	0.025	0.024	0.085	NA	0.024	NA	0.028	NA	0.056	0.065	0.404	0.348	0.148	0.008	0.268	0.006	0.023	0.053	0.148	0.225	0.146	0.153	0.018	0.158	0.101	0.101	0.101	0.259	0.139	0.008	1.0	0.281	0.041	0.367	0.0	0.032	NA	1.0	1.0	1.0	NA	0.017	0.037	0.017	0.308	0.193	0.012	0.39	0.001
rs11755527	NA	NA	0.236	0.614	NA	0.025	0.024	0.085	NA	0.024	NA	0.028	NA	0.056	0.065	0.404	0.348	0.148	0.008	0.268	0.006	0.023	0.053	0.148	0.225	0.146	0.153	0.018	0.158	0.101	0.101	0.101	0.259	0.139	0.008	1.0	0.281	0.041	0.367	0.0	0.032	NA	1.0	1.0	1.0	NA	0.017	0.037	0.017	0.308	0.193	0.012	0.39	0.001
rs72928038	NA	NA	NA	NA	NA	NA	NA	NA	NA	NA	NA	NA	NA	NA	NA	NA	NA	NA	NA	NA	NA	NA	NA	NA	NA	NA	NA	NA	NA	NA	NA	NA	NA	NA	NA	NA	NA	NA	NA	NA	NA	NA	NA	NA	NA	NA	NA	NA	NA	NA	NA	NA	NA	NA
rs9388489	NA	NA	0.379	0.163	NA	0.077	0.04	1.0	NA	0.04	NA	0.053	NA	0.011	0.036	0.046	0.294	0.026	0.1	0.4	0.043	0.153	0.053	0.123	0.119	0.0	0.167	0.234	0.04	0.053	0.053	0.053	0.028	0.012	0.1	1.0	0.294	0.571	0.314	0.125	0.26	NA	0.25	0.017	0.017	NA	1.0	1.0	0.967	0.062	0.126	0.083	1.0	0.143
rs1578060	NA	NA	0.216	0.207	NA	0.375	0.091	1.0	NA	1.0	NA	0.003	NA	0.147	0.188	0.247	1.0	0.223	0.289	1.0	0.011	0.033	0.028	0.043	0.066	0.242	1.0	0.436	0.001	0.402	0.402	0.402	0.385	0.331	0.289	1.0	0.198	0.188	0.026	0.211	0.046	NA	0.041	0.037	0.037	NA	1.0	1.0	1.0	0.073	0.007	0.131	1.0	0.231
rs1538171	NA	NA	0.379	0.163	NA	0.011	0.04	1.0	NA	0.04	NA	0.105	NA	0.011	0.036	0.007	0.294	0.03	0.1	0.04	0.0	0.082	0.053	0.077	0.077	0.0	0.167	0.234	0.088	0.053	0.053	0.053	0.027	0.012	0.025	1.0	0.294	0.571	0.314	0.125	0.178	NA	0.25	0.017	0.017	NA	0.967	1.0	1.0	0.062	0.126	0.083	1.0	0.098
rs12665429	NA	NA	0.069	0.142	NA	0.19	0.19	1.0	NA	1.0	NA	0.404	NA	0.08	0.072	0.065	0.033	0.192	0.046	0.325	0.308	0.603	0.067	0.007	0.075	0.1	0.062	0.043	0.11	0.011	0.011	0.011	0.179	0.036	0.156	1.0	0.021	0.036	0.142	0.25	0.009	NA	0.156	0.308	0.308	NA	0.062	0.073	0.062	1.0	0.148	0.199	1.0	0.268
rs212408	NA	NA	0.096	0.317	NA	0.009	0.329	0.044	NA	0.235	NA	0.007	NA	0.161	0.113	0.064	0.136	0.054	0.476	0.161	0.044	0.26	0.074	0.044	0.052	0.161	0.01	0.057	0.055	0.095	0.095	0.095	0.036	0.1	0.044	1.0	0.123	0.044	0.161	0.155	0.057	NA	0.283	0.193	0.193	NA	0.126	0.007	0.126	0.148	1.0	0.254	1.0	0.01
rs9356171	NA	NA	0.053	0.104	NA	0.075	0.121	1.0	NA	0.175	NA	0.067	NA	0.359	0.085	0.006	0.139	0.039	0.314	0.268	0.061	0.11	0.085	0.296	0.002	0.129	0.288	0.365	0.075	0.615	0.615	0.615	0.109	0.246	0.771	1.0	0.009	0.509	0.135	0.008	0.448	NA	0.542	0.012	0.012	NA	0.083	0.131	0.083	0.199	0.254	1.0	1.0	0.064
rs73043122	NA	NA	0.316	1.0	NA	1.0	1.0	1.0	NA	1.0	NA	0.053	NA	1.0	1.0	1.0	1.0	1.0	0.46	1.0	0.217	1.0	0.289	0.432	0.245	1.0	1.0	0.234	0.136	0.452	0.452	0.452	0.239	1.0	0.46	1.0	1.0	1.0	1.0	0.25	1.0	NA	1.0	0.39	0.39	NA	1.0	1.0	1.0	1.0	1.0	1.0	1.0	1.0
rs924043	NA	NA	0.132	0.334	NA	0.028	0.091	0.349	NA	0.35	NA	0.107	NA	0.219	0.303	0.126	0.235	0.133	0.391	0.219	0.084	0.236	0.086	0.126	0.043	0.133	0.277	0.004	0.063	0.06	0.06	0.06	0.012	0.311	0.024	0.188	0.204	0.071	0.108	0.053	0.109	NA	0.188	0.001	0.001	NA	0.143	0.231	0.098	0.268	0.01	0.064	1.0	1.0
